1.040306e+10
1.040225e+10
1.040296e+10
1.040314e+10
1.040332e+10
1.040278e+10
1.040348e+10
1.040306e+10
1.040322e+10
1.040361e+10
1.040329e+10
1.040319e+10
1.040324e+10
1.040329e+10
1.040328e+10
1.040368e+10
1.040363e+10
1.040404e+10
1.040323e+10
1.040355e+10
1.040390e+10
1.040364e+10
1.040339e+10
1.040362e+10
1.040399e+10
1.040399e+10
1.040420e+10
1.040338e+10
1.040435e+10
1.040442e+10
1.040475e+10
1.040399e+10
1.040419e+10
1.040410e+10
1.040380e+10
1.040400e+10
1.040368e+10
1.040441e+10
1.040446e+10
1.040485e+10
1.040405e+10
1.040445e+10
1.040429e+10
1.040449e+10
1.040412e+10
1.040464e+10
1.040473e+10
1.040449e+10
1.040452e+10
1.040430e+10
1.040479e+10
1.040481e+10
1.040523e+10
1.040415e+10
1.040419e+10
1.040474e+10
1.040497e+10
1.040495e+10
1.040523e+10
1.040490e+10
1.040431e+10
1.040479e+10
1.040500e+10
1.040487e+10
1.040497e+10
1.040485e+10
1.040483e+10
1.040536e+10
1.040495e+10
1.040472e+10
1.040524e+10
1.040478e+10
1.040527e+10
1.040489e+10
1.040518e+10
1.040544e+10
1.040471e+10
1.040513e+10
1.040481e+10
1.040526e+10
1.040452e+10
1.040498e+10
1.040525e+10
1.040537e+10
1.040439e+10
1.040476e+10
1.040497e+10
1.040518e+10
1.040499e+10
1.040488e+10
1.040527e+10
1.040525e+10
1.040552e+10
1.040552e+10
1.040482e+10
1.040539e+10
1.040513e+10
1.040539e+10
1.040565e+10
1.040533e+10
1.040493e+10
1.040490e+10
1.040541e+10
1.040522e+10
1.040490e+10
1.040529e+10
1.040551e+10
1.040499e+10
1.040529e+10
1.040506e+10
1.040540e+10
1.040548e+10
1.040516e+10
1.040513e+10
1.040515e+10
1.040528e+10
1.040529e+10
1.040570e+10
1.040532e+10
1.040531e+10
1.040495e+10
1.040531e+10
1.040488e+10
1.040505e+10
1.040551e+10
1.040499e+10
1.040559e+10
1.040529e+10
1.040472e+10
1.040523e+10
1.040585e+10
1.040555e+10
1.040578e+10
1.040527e+10
1.040566e+10
1.040598e+10
1.040518e+10
1.040521e+10
1.040555e+10
1.040525e+10
1.040541e+10
1.040551e+10
1.040503e+10
1.040546e+10
1.040575e+10
1.040523e+10
1.040626e+10
1.040512e+10
1.040531e+10
1.040551e+10
1.040530e+10
1.040545e+10
1.040560e+10
1.040533e+10
1.040560e+10
1.040555e+10
1.040575e+10
1.040562e+10
1.040545e+10
1.040494e+10
1.040505e+10
1.040487e+10
1.040527e+10
1.040572e+10
1.040540e+10
1.040546e+10
1.040553e+10
1.040572e+10
1.040590e+10
1.040572e+10
1.040587e+10
1.040534e+10
1.040535e+10
1.040604e+10
1.040537e+10
1.040556e+10
1.040514e+10
1.040580e+10
1.040562e+10
1.040565e+10
1.040527e+10
1.040597e+10
1.040486e+10
1.040559e+10
1.040557e+10
1.040533e+10
1.040569e+10
1.040499e+10
1.040553e+10
1.040596e+10
1.040515e+10
1.040527e+10
1.040523e+10
1.040547e+10
1.040565e+10
1.040534e+10
1.040533e+10
1.040519e+10
1.040602e+10
1.040538e+10
1.040490e+10
1.040524e+10
1.040593e+10
1.040524e+10
1.040558e+10
1.040530e+10
1.040578e+10
1.040527e+10
1.040513e+10
1.040541e+10
1.040550e+10
1.040554e+10
1.040558e+10
1.040535e+10
1.040553e+10
1.040544e+10
1.040567e+10
1.040546e+10
1.040562e+10
1.040523e+10
1.040558e+10
1.040483e+10
1.040496e+10
1.040562e+10
1.040553e+10
1.040556e+10
1.040564e+10
1.040556e+10
1.040551e+10
1.040526e+10
1.040528e+10
1.040567e+10
1.040523e+10
1.040539e+10
1.040541e+10
1.040547e+10
1.040555e+10
1.040559e+10
1.040526e+10
1.040486e+10
1.040572e+10
1.040479e+10
1.040523e+10
1.040499e+10
1.040590e+10
1.040585e+10
1.040532e+10
1.040499e+10
1.040541e+10
1.040482e+10
1.040468e+10
1.040550e+10
1.040516e+10
1.040579e+10
1.040575e+10
1.040503e+10
1.040572e+10
1.040546e+10
1.040502e+10
1.040494e+10
1.040521e+10
1.040539e+10
1.040489e+10
1.040508e+10
1.040565e+10
1.040556e+10
1.040490e+10
1.040490e+10
1.040508e+10
1.040504e+10
1.040550e+10
1.040504e+10
1.040498e+10
1.040516e+10
1.040516e+10
1.040603e+10
1.040481e+10
1.040569e+10
1.040571e+10
1.040525e+10
1.040502e+10
1.040500e+10
1.040574e+10
1.040500e+10
1.040534e+10
1.040558e+10
1.040496e+10
1.040498e+10
1.040512e+10
1.040520e+10
1.040536e+10
1.040547e+10
1.040485e+10
1.040540e+10
1.040523e+10
1.040514e+10
1.040521e+10
1.040534e+10
1.040576e+10
1.040545e+10
1.040440e+10
1.040478e+10
1.040543e+10
1.040478e+10
1.040505e+10
1.040572e+10
1.040507e+10
1.040482e+10
1.040586e+10
1.040484e+10
1.040476e+10
1.040500e+10
1.040525e+10
1.040517e+10
1.040477e+10
1.040538e+10
1.040442e+10
1.040587e+10
1.040514e+10
1.040539e+10
1.040478e+10
1.040502e+10
1.040511e+10
1.040550e+10
1.040468e+10
1.040506e+10
1.040506e+10
1.040530e+10
1.040507e+10
1.040539e+10
1.040521e+10
1.040454e+10
1.040561e+10
1.040525e+10
1.040494e+10
1.040595e+10
1.040492e+10
1.040519e+10
1.040503e+10
1.040479e+10
1.040495e+10
1.040473e+10
1.040536e+10
1.040549e+10
1.040513e+10
1.040546e+10
1.040522e+10
1.040504e+10
1.040550e+10
1.040553e+10
1.040536e+10
1.040454e+10
1.040558e+10
1.040507e+10
1.040528e+10
1.040582e+10
1.040522e+10
1.040494e+10
1.040539e+10
1.040466e+10
1.040516e+10
1.040537e+10
1.040478e+10
1.040584e+10
1.040495e+10
1.040515e+10
1.040510e+10
1.040510e+10
1.040475e+10
1.040527e+10
1.040488e+10
1.040508e+10
1.040562e+10
1.040470e+10
1.040467e+10
1.040532e+10
1.040544e+10
1.040502e+10
1.040519e+10
1.040485e+10
1.040493e+10
1.040478e+10
1.040507e+10
1.040443e+10
1.040494e+10
1.040504e+10
1.040529e+10
1.040533e+10
1.040488e+10
1.040569e+10
1.040485e+10
1.040499e+10
1.040503e+10
1.040548e+10
1.040505e+10
1.040448e+10
1.040491e+10
1.040534e+10
1.040464e+10
1.040452e+10
1.040514e+10
1.040525e+10
1.040547e+10
1.040502e+10
1.040522e+10
1.040476e+10
1.040500e+10
1.040480e+10
1.040505e+10
1.040510e+10
1.040514e+10
1.040492e+10
1.040471e+10
1.040521e+10
1.040529e+10
1.040465e+10
1.040512e+10
1.040582e+10
1.040470e+10
1.040520e+10
1.040493e+10
1.040482e+10
1.040465e+10
1.040526e+10
1.040460e+10
1.040476e+10
1.040529e+10
1.040542e+10
1.040502e+10
1.040489e+10
1.040467e+10
1.040494e+10
1.040526e+10
1.040522e+10
1.040488e+10
1.040549e+10
1.040511e+10
1.040467e+10
1.040489e+10
1.040486e+10
1.040459e+10
1.040466e+10
1.040517e+10
1.040494e+10
1.040487e+10
1.040520e+10
1.040526e+10
1.040480e+10
1.040494e+10
1.040547e+10
1.040502e+10
1.040543e+10
1.040487e+10
1.040483e+10
1.040471e+10
1.040543e+10
1.040491e+10
1.040484e+10
1.040524e+10
1.040494e+10
1.040542e+10
1.040460e+10
1.040482e+10
1.040482e+10
1.040511e+10
1.040480e+10
1.040487e+10
1.040507e+10
1.040526e+10
1.040533e+10
1.040523e+10
1.040533e+10
1.040540e+10
1.040498e+10
1.040484e+10
1.040539e+10
1.040531e+10
1.040486e+10
1.040529e+10
1.040529e+10
1.040509e+10
1.040536e+10
1.040481e+10
1.040499e+10
1.040524e+10
1.040510e+10
1.040527e+10
1.040473e+10
1.040519e+10
1.040526e+10
1.040538e+10
1.040484e+10
1.040529e+10
1.040499e+10
1.040494e+10
1.040527e+10
1.040512e+10
1.040535e+10
1.040507e+10
1.040477e+10
1.040515e+10
1.040481e+10
1.040552e+10
1.040520e+10
1.040530e+10
1.040494e+10
1.040493e+10
1.040459e+10
1.040464e+10
1.040554e+10
1.040501e+10
1.040484e+10
1.040464e+10
1.040484e+10
1.040416e+10
1.040476e+10
1.040520e+10
1.040511e+10
1.040491e+10
1.040484e+10
1.040514e+10
1.040487e+10
1.040508e+10
1.040550e+10
1.040521e+10
1.040473e+10
1.040493e+10
1.040455e+10
1.040528e+10
1.040516e+10
1.040495e+10
1.040508e+10
1.040477e+10
1.040490e+10
1.040499e+10
1.040440e+10
1.040539e+10
1.040500e+10
1.040513e+10
1.040585e+10
1.040508e+10
1.040478e+10
1.040504e+10
1.040475e+10
1.040476e+10
1.040524e+10
1.040524e+10
1.040499e+10
1.040476e+10
1.040545e+10
1.040439e+10
1.040493e+10
1.040511e+10
1.040479e+10
1.040478e+10
1.040526e+10
1.040491e+10
1.040503e+10
1.040484e+10
1.040477e+10
1.040471e+10
1.040499e+10
1.040459e+10
1.040488e+10
1.040521e+10
1.040536e+10
1.040475e+10
1.040504e+10
1.040448e+10
1.040429e+10
1.040475e+10
1.040461e+10
1.040500e+10
1.040474e+10
1.040509e+10
1.040556e+10
1.040485e+10
1.040507e+10
1.040510e+10
1.040498e+10
1.040510e+10
1.040468e+10
1.040541e+10
1.040508e+10
1.040538e+10
1.040499e+10
1.040559e+10
1.040506e+10
1.040464e+10
1.040483e+10
1.040494e+10
1.040502e+10
1.040522e+10
1.040498e+10
1.040487e+10
1.040516e+10
1.040522e+10
1.040488e+10
1.040551e+10
1.040487e+10
1.040487e+10
1.040543e+10
1.040523e+10
1.040477e+10
1.040519e+10
1.040490e+10
1.040507e+10
1.040491e+10
1.040507e+10
1.040535e+10
1.040493e+10
1.040539e+10
1.040549e+10
1.040524e+10
1.040525e+10
1.040494e+10
1.040543e+10
1.040503e+10
1.040479e+10
1.040496e+10
1.040554e+10
1.040469e+10
1.040541e+10
1.040476e+10
1.040493e+10
1.040464e+10
1.040488e+10
1.040489e+10
1.040465e+10
1.040529e+10
1.040576e+10
1.040493e+10
1.040481e+10
1.040479e+10
1.040536e+10
1.040498e+10
1.040455e+10
1.040492e+10
1.040453e+10
1.040556e+10
1.040475e+10
1.040478e+10
1.040480e+10
1.040533e+10
1.040487e+10
1.040515e+10
1.040503e+10
1.040529e+10
1.040541e+10
1.040556e+10
1.040505e+10
1.040499e+10
1.040565e+10
1.040566e+10
1.040517e+10
1.040471e+10
1.040463e+10
1.040511e+10
1.040493e+10
1.040522e+10
1.040494e+10
1.040473e+10
1.040445e+10
1.040504e+10
1.040494e+10
1.040489e+10
1.040501e+10
1.040561e+10
1.040483e+10
1.040458e+10
1.040495e+10
1.040525e+10
1.040541e+10
1.040514e+10
1.040511e+10
1.040548e+10
1.040521e+10
1.040461e+10
1.040526e+10
1.040502e+10
1.040527e+10
1.040477e+10
1.040524e+10
1.040410e+10
1.040466e+10
1.040494e+10
1.040415e+10
1.040490e+10
1.040500e+10
1.040459e+10
1.040450e+10
1.040476e+10
1.040507e+10
1.040469e+10
1.040508e+10
1.040509e+10
1.040530e+10
1.040472e+10
1.040470e+10
1.040439e+10
1.040502e+10
1.040427e+10
1.040494e+10
1.040490e+10
1.040485e+10
1.040514e+10
1.040514e+10
1.040469e+10
1.040523e+10
1.040472e+10
1.040507e+10
1.040473e+10
1.040487e+10
1.040528e+10
1.040504e+10
1.040479e+10
1.040483e+10
1.040486e+10
1.040513e+10
1.040498e+10
1.040519e+10
1.040556e+10
1.040515e+10
1.040552e+10
1.040526e+10
1.040452e+10
1.040466e+10
1.040479e+10
1.040560e+10
1.040480e+10
1.040475e+10
1.040510e+10
1.040456e+10
1.040479e+10
1.040469e+10
1.040477e+10
1.040490e+10
1.040536e+10
1.040447e+10
1.040502e+10
1.040497e+10
1.040479e+10
1.040503e+10
1.040489e+10
1.040503e+10
1.040492e+10
1.040512e+10
1.040456e+10
1.040495e+10
1.040508e+10
1.040531e+10
1.040519e+10
1.040584e+10
1.040516e+10
1.040446e+10
1.040523e+10
1.040507e+10
1.040460e+10
1.040474e+10
1.040515e+10
1.040510e+10
1.040475e+10
1.040532e+10
1.040454e+10
1.040447e+10
1.040489e+10
1.040545e+10
1.040442e+10
1.040481e+10
1.040490e+10
1.040519e+10
1.040483e+10
1.040498e+10
1.040506e+10
1.040490e+10
1.040511e+10
1.040468e+10
1.040531e+10
1.040537e+10
1.040476e+10
1.040512e+10
1.040548e+10
1.040553e+10
1.040455e+10
1.040525e+10
1.040478e+10
1.040512e+10
1.040500e+10
1.040482e+10
1.040512e+10
1.040473e+10
1.040432e+10
1.040537e+10
1.040507e+10
1.040521e+10
1.040498e+10
1.040543e+10
1.040524e+10
1.040524e+10
1.040505e+10
1.040542e+10
1.040456e+10
1.040488e+10
1.040465e+10
1.040471e+10
1.040465e+10
1.040480e+10
1.040479e+10
1.040501e+10
1.040473e+10
1.040550e+10
1.040503e+10
1.040541e+10
1.040507e+10
1.040520e+10
1.040512e+10
1.040556e+10
1.040509e+10
1.040423e+10
1.040527e+10
1.040496e+10
1.040509e+10
1.040546e+10
1.040477e+10
1.040571e+10
1.040511e+10
1.040460e+10
1.040456e+10
1.040481e+10
1.040492e+10
1.040527e+10
1.040505e+10
1.040509e+10
1.040501e+10
1.040508e+10
1.040514e+10
1.040492e+10
1.040504e+10
1.040488e+10
1.040505e+10
1.040497e+10
1.040553e+10
1.040526e+10
1.040483e+10
1.040465e+10
1.040466e+10
1.040521e+10
1.040577e+10
1.040560e+10
1.040479e+10
1.040527e+10
1.040513e+10
1.040491e+10
1.040527e+10
1.040456e+10
1.040508e+10
1.040527e+10
1.040494e+10
1.040539e+10
1.040503e+10
1.040503e+10
1.040535e+10
1.040520e+10
1.040534e+10
1.040500e+10
1.040464e+10
1.040461e+10
1.040517e+10
1.040530e+10
1.040513e+10
1.040544e+10
1.040475e+10
1.040528e+10
1.040559e+10
1.040566e+10
1.040550e+10
1.040506e+10
1.040539e+10
1.040467e+10
1.040535e+10
1.040537e+10
1.040478e+10
1.040496e+10
1.040459e+10
1.040532e+10
1.040445e+10
1.040462e+10
1.040479e+10
1.040492e+10
1.040469e+10
1.040481e+10
1.040509e+10
1.040476e+10
1.040505e+10
1.040485e+10
1.040498e+10
1.040460e+10
1.040534e+10
1.040509e+10
1.040511e+10
1.040477e+10
1.040418e+10
1.040537e+10
1.040529e+10
1.040464e+10
1.040424e+10
1.040461e+10
1.040437e+10
1.040450e+10
1.040461e+10
1.040538e+10
1.040508e+10
1.040542e+10
1.040504e+10
1.040447e+10
1.040447e+10
1.040526e+10
1.040518e+10
1.040508e+10
1.040479e+10
1.040488e+10
1.040518e+10
1.040488e+10
1.040387e+10
1.040533e+10
1.040465e+10
1.040573e+10
1.040450e+10
1.040493e+10
1.040532e+10
1.040488e+10
1.040496e+10
1.040487e+10
1.040498e+10
1.040606e+10
1.040487e+10
1.040504e+10
1.040510e+10
1.040512e+10
1.040541e+10
1.040478e+10
1.040456e+10
1.040501e+10
1.040476e+10
1.040554e+10
1.040449e+10
1.040468e+10
1.040493e+10
1.040493e+10
1.040563e+10
1.040530e+10
1.040514e+10
1.040521e+10
1.040440e+10
1.040444e+10
1.040487e+10
1.040450e+10
1.040510e+10
1.040517e+10
1.040530e+10
1.040557e+10
1.040496e+10
1.040515e+10
1.040479e+10
1.040478e+10
1.040523e+10
1.040505e+10
1.040474e+10
1.040534e+10
1.040447e+10
1.040481e+10
1.040522e+10
1.040520e+10
1.040504e+10
1.040475e+10
1.040520e+10
1.040480e+10
1.040507e+10
1.040544e+10
1.040441e+10
1.040473e+10
1.040525e+10
1.040487e+10
1.040478e+10
1.040522e+10
1.040517e+10
1.040471e+10
1.040533e+10
1.040560e+10
1.040510e+10
1.040439e+10
1.040527e+10
1.040447e+10
1.040530e+10
1.040510e+10
1.040450e+10
1.040475e+10
1.040504e+10
1.040509e+10
1.040502e+10
